0 1500.00 1500.00
1 1996.27 1439.07
2 2988.82 1317.20
3 2988.82 1682.80
4 1996.27 1560.93
5 1560.93 1996.27
6 1682.80 2988.82
7 1317.20 2988.82
8 1439.07 1996.27
9 1003.73 1560.93
10 11.18 1682.80
11 11.18 1317.20
12 1003.73 1439.07
13 1439.07 1003.73
14 1317.20 11.18
15 1682.80 11.18
16 1560.93 1003.73
17 2045.90 1432.97
18 2244.41 1408.60
19 2641.43 1359.85
20 2839.94 1335.48
21 2045.90 1567.03
22 2244.41 1591.40
23 2641.43 1640.15
24 2839.94 1664.52
25 1567.03 2045.90
26 1591.40 2244.41
27 1640.15 2641.43
28 1664.52 2839.94
29 1432.97 2045.90
30 1408.60 2244.41
31 1359.85 2641.43
32 1335.48 2839.94
33 954.10 1567.03
34 755.59 1591.40
35 358.57 1640.15
36 160.06 1664.52
37 954.10 1432.97
38 755.59 1408.60
39 358.57 1359.85
40 160.06 1335.48
41 1432.97 954.10
42 1408.60 755.59
43 1359.85 358.57
44 1335.48 160.06
45 1567.03 954.10
46 1591.40 755.59
47 1640.15 358.57
48 1664.52 160.06
